%YAML:1.0
R: !!opencv-matrix
   rows: 3
   cols: 3
   dt: d
   data: [ 9.9973754300505502e-01, 1.3277850019929182e-02,
       1.8669327922128810e-02, -1.3338312182078838e-02,
       9.9990617998685982e-01, 3.1177960515152278e-03,
       -1.8626178737173094e-02, -3.3659950881876300e-03,
       9.9982085172430624e-01 ]
T: !!opencv-matrix
   rows: 3
   cols: 1
   dt: d
   data: [ -1.7046263977932144e-01, -1.2067519278743158e-03,
       -4.8721881572162516e-04 ]
R1: !!opencv-matrix
   rows: 3
   cols: 3
   dt: d
   data: [ 9.9956075026777691e-01, 2.0346247307238538e-02,
       2.1548474299391888e-02, -2.0380651638056253e-02,
       9.9979134307045370e-01, 1.3781727709103629e-03,
       -2.1515937416879120e-02, -1.8167393569173121e-03,
       9.9976685476924176e-01 ]
R2: !!opencv-matrix
   rows: 3
   cols: 3
   dt: d
   data: [ 9.9997085851012746e-01, 7.0790688381144138e-03,
       2.8581313657323280e-03, -7.0744935295691137e-03,
       9.9997368298915534e-01, -1.6077532161615509e-03,
       -2.8694375439500854e-03, 1.5874865319839386e-03,
       9.9999462309289056e-01 ]
P1: !!opencv-matrix
   rows: 3
   cols: 4
   dt: d
   data: [ 1.2147014744446508e+03, 0., 6.3004109191894531e+02, 0., 0.,
       1.2147014744446508e+03, 4.8620956230163574e+02, 0., 0., 0., 1.,
       0. ]
P2: !!opencv-matrix
   rows: 3
   cols: 4
   dt: d
   data: [ 1.2147014744446508e+03, 0., 6.3004109191894531e+02,
       -2.0706725412595816e+02, 0., 1.2147014744446508e+03,
       4.8620956230163574e+02, 0., 0., 0., 1., 0. ]
Q: !!opencv-matrix
   rows: 4
   cols: 4
   dt: d
   data: [ 1., 0., 0., -6.3004109191894531e+02, 0., 1., 0.,
       -4.8620956230163574e+02, 0., 0., 0., 1.2147014744446508e+03, 0.,
       0., 5.8662171359347468e+00, 0. ]
