%YAML:1.0
R: !!opencv-matrix
   rows: 3
   cols: 3
   dt: d
   data: [ 9.9973061825555354e-01, 1.5311082027579416e-02,
       1.7443098621328916e-02, -1.5352896744210897e-02,
       9.9987957006969697e-01, 2.2658152615924036e-03,
       -1.7406305866848097e-02, -2.5330069843569739e-03,
       9.9984529022828672e-01 ]
T: !!opencv-matrix
   rows: 3
   cols: 1
   dt: d
   data: [ -1.6940822350984711e-01, -4.6397457776233805e-04,
       -8.9423540425982424e-04 ]
R1: !!opencv-matrix
   rows: 3
   cols: 3
   dt: d
   data: [ 9.9957901454619580e-01, 1.8035858671004663e-02,
       2.2726668934436652e-02, -1.8063305516454221e-02,
       9.9983634213056582e-01, 1.0029699842405409e-03,
       -2.2704860111332478e-02, -1.4130665128006500e-03,
       9.9974121279977002e-01 ]
R2: !!opencv-matrix
   rows: 3
   cols: 3
   dt: d
   data: [ 9.9998231824665251e-01, 2.7387476491145986e-03,
       5.2784898754219510e-03, -2.7323684388419985e-03,
       9.9999552851871898e-01, -1.2153622020611293e-03,
       -5.2817948431269964e-03, 1.2009179331860561e-03,
       9.9998533011207347e-01 ]
P1: !!opencv-matrix
   rows: 3
   cols: 4
   dt: d
   data: [ 1.2284136036892976e+03, 0., 6.2548043060302734e+02, 0., 0.,
       1.2284136036892976e+03, 4.8618090438842773e+02, 0., 0., 0., 1.,
       0. ]
P2: !!opencv-matrix
   rows: 3
   cols: 4
   dt: d
   data: [ 1.2284136036892976e+03, 0., 6.2548043060302734e+02,
       -2.0810704603379108e+02, 0., 1.2284136036892976e+03,
       4.8618090438842773e+02, 0., 0., 0., 1., 0. ]
Q: !!opencv-matrix
   rows: 4
   cols: 4
   dt: d
   data: [ 1., 0., 0., -6.2548043060302734e+02, 0., 1., 0.,
       -4.8618090438842773e+02, 0., 0., 0., 1.2284136036892976e+03, 0.,
       0., 5.9027967918483437e+00, 0. ]
